-73 3.0405026352808276e-05
-72 3.858198125552896e-05
-71 3.49148628767282e-05
-70 3.599604559147879e-05
-69 4.259642277908418e-05
-68 3.904155263817299e-05
-67 3.9624844973549265e-05
-66 3.7479132153575163e-05
-65 4.060680917975394e-05
-64 4.345071570043589e-05
-63 4.5356203730399674e-05
-62 4.278607087157154e-05
-61 4.572832281949988e-05
-60 4.6493580195310236e-05
-59 4.7933326118495e-05
-58 4.992292126198377e-05
-57 5.174926069507795e-05
-56 5.6344241965636e-05
-55 5.355668376720345e-05
-54 5.554871239305297e-05
-53 5.936086205016669e-05
-52 6.29346911117427e-05
-51 6.36645334952098e-05
-50 5.90836825976566e-05
-49 6.890438634572806e-05
-48 6.976401129691514e-05
-47 6.997614176695472e-05
-46 7.597033760064037e-05
-45 7.561650704573575e-05
-44 7.898602548006214e-05
-43 8.578387298780829e-05
-42 7.891621341347518e-05
-41 8.113360751966876e-05
-40 7.91349698874942e-05
-39 8.44428230573106e-05
-38 8.533764869602822e-05
-37 9.071645536161668e-05
-36 9.092945833626972e-05
-35 9.317581178621318e-05
-34 9.010575304694694e-05
-33 9.43169138321298e-05
-32 9.797558800432363e-05
-31 9.963772222260147e-05
-30 9.988836203820268e-05
-29 0.00010211604410353554
-28 0.00010092150461498956
-27 0.00010982409716206668
-26 0.00010973089341598947
-25 0.00010723140547263594
-24 0.0001068707746501702
-23 0.00011903326788283698
-22 0.00010982934612870535
-21 0.00011790546686519446
-20 0.00011206129752666499
-19 0.00011792972358956214
-18 0.00012128989006056327
-17 0.00011937181506466378
-16 0.00012749610863655825
-15 0.00012915555873901804
-14 0.00012383179826950646
-13 0.00012627336159829792
-12 0.000126324811261821
-11 0.00012750105182933978
-10 0.0001228990766517547
-9 0.00013035405322394002
-8 0.0001301118760568443
-7 0.00013438890651837291
-6 0.00013248731012255937
-5 0.0001345823795904939
-4 0.00013623209015996908
-3 0.00013298785620468294
-2 0.00013364961032461545
-1 0.0001388523374967483
0 0.00013496417803339673
1 0.00013965442131410734
2 0.0001305015714814052
3 0.00013234056708272008
4 0.0001361711538734526
5 0.00013420293242925012
6 0.00012986244333160142
7 0.00013007238694342496
8 0.00013288103833174916
9 0.00012545941001423387
10 0.00013367041886945885
11 0.00012808654766686262
12 0.00013545839200968004
13 0.00012692753257843964
14 0.0001225871789674844
15 0.0001245126916239353
16 0.00011938744839231678
17 0.0001228934000417196
18 0.00011758542561412154
19 0.00011608355200500072
20 0.0001203239802824093
21 0.00011831408703606853
22 0.0001225794217206437
23 0.00011538697570940506
24 0.00011690798391250187
25 0.00011470043531779473
26 0.00010833983130970271
27 0.00010506034715607837
28 0.0001042570584892798
29 0.00010184974511160706
30 0.00010006540863042232
31 9.821894148064738e-05
32 0.00010458319313790835
33 9.914162870150204e-05
34 9.414690908019135e-05
35 9.091963835013278e-05
36 9.679605746686986e-05
37 9.623905961613792e-05
38 8.720674076670953e-05
39 8.735861028901634e-05
40 8.253795276524799e-05
41 8.200937486249035e-05
42 8.525817371116766e-05
43 8.034893006405359e-05
44 6.944784904125962e-05
45 7.624139158586712e-05
46 7.21131359733759e-05
47 7.064994413525241e-05
48 6.759713241560749e-05
49 6.347700194192283e-05
50 6.559419785297479e-05
51 6.424068109122939e-05
52 5.87122710180786e-05
53 6.161809699650026e-05
54 6.215605405700137e-05
55 5.711975689479423e-05
56 5.389350652311776e-05
57 5.761091357664013e-05
58 4.797044166804287e-05
59 5.093221196708331e-05
60 5.4822813995993186e-05
61 4.780136877884623e-05
62 4.603573294803212e-05
63 4.043506383848311e-05
64 4.081097523406274e-05
65 4.4187164428158036e-05
66 4.322213018666045e-05
67 4.64481816650231e-05
68 3.8456821228457144e-05
69 4.128661109618089e-05
70 3.5749724099091464e-05
71 3.638063050695137e-05
72 3.3599680869109656e-05
73 3.1322251942638866e-05
74 3.1586616584271926e-05
75 3.0611592254877894e-05
