-73 2.1115486877236302e-05
-72 2.564828549737786e-05
-71 2.5023539345391964e-05
-70 2.677051225230961e-05
-69 2.8556204937881233e-05
-68 2.8288312068760357e-05
-67 2.4415116479371398e-05
-66 2.7145777706487183e-05
-65 2.7899640672789443e-05
-64 3.2793209788299636e-05
-63 3.209770847802105e-05
-62 3.838561480794326e-05
-61 3.9380866246289664e-05
-60 3.824164554203554e-05
-59 4.0764119432368215e-05
-58 4.232251280548629e-05
-57 4.459939773747986e-05
-56 5.184867958718004e-05
-55 4.786216352082391e-05
-54 4.766565630990626e-05
-53 5.072718956479036e-05
-52 4.9028822093045384e-05
-51 4.9605477396368975e-05
-50 5.660410978463129e-05
-49 5.741717489538604e-05
-48 6.231794302375314e-05
-47 6.162992800406414e-05
-46 6.141770551313245e-05
-45 5.853796744918992e-05
-44 6.579486652837203e-05
-43 6.557536408682523e-05
-42 6.720864174482235e-05
-41 7.291533912928465e-05
-40 7.400034967636189e-05
-39 6.898734890133745e-05
-38 7.596504328302772e-05
-37 8.014348421769259e-05
-36 7.876348320728325e-05
-35 8.083810382373233e-05
-34 8.31858046598093e-05
-33 7.964843191346649e-05
-32 8.186267477132818e-05
-31 8.596696095672447e-05
-30 9.598094552177553e-05
-29 8.94927561092142e-05
-28 8.769476325333089e-05
-27 9.266565324719662e-05
-26 9.458151326374668e-05
-25 9.510123092223443e-05
-24 0.00010013682149246962
-23 9.745004291959406e-05
-22 0.0001014913452448364
-21 9.524514699325955e-05
-20 9.793304722344491e-05
-19 0.00010416207610455005
-18 0.00010291110063381578
-17 0.00010301768601862099
-16 0.00010475115168162825
-15 0.00011057598847408671
-14 0.00010893355233819797
-13 0.00010670801416205072
-12 0.00011101346791421298
-11 0.00010940862312802289
-10 0.00011181811450888206
-9 0.0001092772139452325
-8 0.00011000077716319485
-7 0.00011137856181477899
-6 0.00011583236999770135
-5 0.0001077988315701223
-4 0.00010579448285949091
-3 0.00010931938868023377
-2 0.00010841230103876362
-1 0.00011004207064418408
0 0.00010603364992185218
1 0.00011314367938444028
2 0.00010878569373283567
3 0.00011783206227901329
4 0.00011413130621009146
5 0.00011133272676877587
6 0.00011074742311342032
7 0.00010819051363047338
8 0.00011168578892780079
9 0.00011081256355969908
10 0.00011096807392820664
11 0.00010715350474242007
12 0.00010806971693620528
13 0.00010630572969608064
14 0.00010989040992632834
15 0.00010898308063612387
16 0.00010571063826743927
17 0.0001048885349068036
18 0.00010147622873246746
19 0.00010629198754694468
20 9.89449850425898e-05
21 0.00010220418727593719
22 9.929692905111441e-05
23 9.672155871542107e-05
24 0.00010483434954020787
25 9.272279806098145e-05
26 9.96133082213095e-05
27 9.297833697170144e-05
28 9.506736242400577e-05
29 9.566560655115507e-05
30 9.027772058609766e-05
31 9.119881938196669e-05
32 8.563414684520729e-05
33 8.922956727164561e-05
34 8.465850164188973e-05
35 8.457888542479336e-05
36 8.603424859730749e-05
37 8.012150413934988e-05
38 8.189675990911377e-05
39 7.476509345751565e-05
40 7.215664232318896e-05
41 7.575048055158421e-05
42 6.801333041602493e-05
43 7.186393766874614e-05
44 6.516674383656323e-05
45 6.717880337169748e-05
46 6.434121496501354e-05
47 6.196949443474509e-05
48 5.8494745589291945e-05
49 5.8314608454989156e-05
50 6.116391766136272e-05
51 5.3789340441657086e-05
52 5.801993013590445e-05
53 5.556532764363762e-05
54 4.876052364134896e-05
55 5.2517317877993925e-05
56 5.093037057511997e-05
57 4.809997213649898e-05
58 4.5171232502899405e-05
59 4.416399141933499e-05
60 4.460854165913707e-05
61 4.4121054362490705e-05
62 4.1962974734124635e-05
63 4.0026412797096384e-05
64 3.731903661829193e-05
65 3.518905256719849e-05
66 4.1831631461458365e-05
67 4.0057577745266504e-05
68 3.0269519789930876e-05
69 3.243772973929861e-05
70 3.1988441242300076e-05
71 2.9227711955600838e-05
72 3.200920797014932e-05
73 3.053101376037213e-05
74 2.902697045876811e-05
75 2.9634953955382466e-05
